# X Y Z  nframes  frame0 x0 y0  frame1 x1 y1 ...
2.8465	-3.5245		9.599	2	0	1837.2	1	1837.2
2.9121	-3.5313		9.8687	2	0 1755.4	1	1755.4
-2.4046	-1.4343		4.1919	2	0 1709.2	1	1709.2
2.4871	-2.9167		9.9476	2	0 1673.8	1	1673.8
-2.6737	-1.2889		4.8219 	2	0 1791		1	1791
-2.3597	-1.4406		4.2272	2	0 1634.7	1	1634.7
3.2961	-3.3301		11.308	2	0 1596.6	1	1596.6
-2.6017	-1.3218		4.9022	2	0 1567.1	1	1567.1
4.3189	-5.6908		13.062	2	0 1523		1	1523
-1.6258	-0.73174	3.5209	2	0	1458	1	1458
5.2413	-6.55590	15.292	2	0	1423.1	1	1423.1
-1.5794	-0.80234	3.7292	2	0 1388.2	1	1388.2
-4.4868	-0.16912	5.0779	2	0 1359		1	1359
-3.9656	-1.35500	3.9672	2	0 1325.2	1	1325.2
-3.9466	-0.13921	5.3736	2	0 1296		1	1296
-2.1582	-0.18476	2.3038	2	0 1264.3	1	1264.3
-3.3252	-0.040506	4.2037	2	0 1235.7	1	1235.7
-1.9729	-0.24585	2.0474	2	0 1213.7	1	1213.7
-4.9325	-0.29022	5.4136	2	0 1183.4	1	1183.4
